0
0
0
0
0
0
0
0
0
0
0
0
34
168
189
261
229
204
251
284
382
507
612
768
925
1069
1221
1351
1540
1657
1861
2170
2305
2570
2804
2963
3247
3301
3535
3698
4046
4311
4883
5590
6269
7598
9087
11198
14312
17816
22097
27159
32473
38416
44538
49774
55366
59020
62531
64752
67411
67555
67701
67182
65930
64169
62090
60338
56989
53681
50463
47049
43471
39683
36463
33274
30331
28179
26102
24217
22308
21001
20287
19538
18923
18525
17680
17343
16684
16614
16196
15877
15270
14684
14396
14022
13510
13111
13097
12698
12276
12313
12468
12530
12256
12211
12375
12409
12062
12186
11781
11716
11209
10679
10302
9936
9403
8938
8510
8459
8227
8103
8016
7726
7487
7381
7285
7048
6856
6619
6458
6003
5818
5452
5335
5216
4915
4882
4932
4957
5100
5279
5314
5381
5684
5751
5859
5929
6062
6048
6237
5944
5652
5488
5222
4959
4821
4712
4686
4444
4410
4353
4209
4219
4237
4145
4242
4429
4332
4444
4412
4567
4655
4980
4973
5015
5137
4592
4731
4869
4820
4805
4953
4872
4901
5240
5452
5904
6251
6532
7002
7413
7534
7575
7410
8396
9969
10634
9519
8474
6877
5268
4333
2655
1211
523
123
29
10
3
2
3
0
1
2
5
4
4
5
0
4
4
4
1
4
1
2
4
5
0
2
5
1
3
2
4
4
3
4
1
5
4
5
4
2
3
4
5
4
2
3
2
2
1
0
