0
0
0
0
0
0
0
0
0
0
0
0
6
7
40
86
134
253
430
622
913
1195
1573
2011
2572
3331
4156
5487
7193
9177
11990
15658
20346
26530
32384
38103
41378
42221
40824
39111
38948
39676
42771
46289
49687
52107
53096
53732
54632
54988
54249
52756
49263
44975
39698
35277
30651
26538
22845
20658
17751
15707
14223
12656
11123
9825
8917
7586
6890
6085
5647
5094
4525
4190
3789
3436
3132
2928
2662
2524
2420
2256
2217
2154
2161
2058
2035
2144
2160
2231
2224
2318
2461
2557
2634
2885
2953
3128
3368
3368
3598
3924
4126
4264
4626
4668
5010
5146
5365
5641
5867
5908
6060
6170
6333
6291
6438
6791
6859
6766
6761
6896
7083
7210
7463
7517
7843
7788
8002
8055
8444
8544
8973
8575
8554
8662
9233
9097
9075
9295
9561
9317
9270
9680
9743
9852
9969
9959
10210
10675
10755
11123
11440
11513
12260
12378
12959
12507
13623
14565
16168
17837
18652
19205
18490
18626
17836
17981
18006
17813
18088
19471
19963
20638
21967
23959
24982
27857
26670
25482
25722
25934
27198
34702
38627
39360
32124
24022
15513
10024
7727
5413
3603
2951
2289
2022
1544
1266
1058
693
678
420
342
177
46
7
2
1
0
0
2
0
3
0
1
0
0
0
1
1
2
1
2
1
2
1
1
1
0
1
0
0
1
2
3
0
1
1
1
0
1
2
0
3
0
0
0
0
0
0
0
0
0
0
0
