0
0
0
0
0
0
0
0
0
0
0
2
7
32
88
167
282
514
777
1143
1610
2184
3060
3824
5007
6676
8551
11146
15380
21686
29731
37705
43952
46940
45581
43982
43294
45114
50211
54014
57656
59281
60592
61162
61743
61440
59475
55245
49713
42723
35169
29254
23585
19526
15674
12744
10745
8996
7822
6720
5864
5088
4741
4204
3811
3598
3496
3521
3395
3334
3413
3361
3293
3330
3392
3284
3515
3577
3670
3908
4013
4229
4604
4677
4864
5055
5155
5388
5551
5632
5574
5778
5565
5432
5434
5201
5069
5023
5039
4959
4976
5154
5164
5330
5637
5677
5868
6128
6088
6238
6439
6694
6772
6730
6602
7083
6957
7275
7228
7581
7547
7748
7943
8047
8291
8287
8546
8559
8567
8402
8681
8759
8781
8839
9117
9051
9112
9078
9190
9140
9178
9168
9371
9690
10118
10402
10828
11697
11317
11749
12359
12345
12613
11751
11892
13200
15053
15446
16522
16954
17465
17519
17952
17023
17108
16537
16983
18061
18467
18771
19269
20276
20699
21081
22310
23379
24915
24903
24064
22745
22298
22448
25704
33571
41231
37774
23777
13063
6651
3640
2086
1436
882
643
424
380
270
250
302
228
263
241
177
102
100
41
9
0
1
1
0
1
0
0
0
0
2
0
0
1
0
0
1
1
0
0
1
0
0
1
0
0
0
2
0
2
2
0
0
1
0
0
2
1
1
0
0
0
0
0
0
0
0
0
0
